4294967293,131
4294967293,130
4294967293,129
4294967293,128
4294967293,127
4294967293,126
4294967293,125
4294967293,124
4294967293,123
4294967293,122
4294967293,121
4294967293,120
4294967293,119
4294967293,118
4294967293,117
4294967293,116
4294967293,115
4294967293,114
4294967293,113
4294967293,112
4294967293,111
4294967293,110
4294967293,109
4294967293,108
4294967293,107
4294967293,106
4294967293,105
4294967293,104
4294967293,103
4294967293,102
4294967293,101
4294967293,100
4294967293,99
4294967293,98
4294967293,97
4294967293,96
4294967293,95
4294967293,94
4294967293,93
4294967293,92
4294967293,91
4294967293,90
4294967293,89
4294967293,87
4294967293,86
4294967293,85
4294967293,84
4294967293,83
4294967293,82
4294967293,81
4294967293,80
4294967293,79
4294967293,78
4294967293,77
4294967293,76
4294967293,75
4294967293,74
4294967293,73
4294967293,72
4294967293,71
4294967293,70
4294967293,69
4294967293,68
4294967293,67
4294967293,66
4294967293,65
4294967293,64
4294967293,63
4294967293,62
4294967293,61
4294967293,60
4294967293,59
4294967293,58
4294967293,57
4294967293,56
4294967293,55
4294967293,54
4294967293,53
4294967293,52
4294967293,51
4294967293,50
4294967293,49
4294967293,48
4294967293,47
4294967293,46
4294967293,45
4294967293,44
4294967293,43
4294967293,42
4294967293,41
4294967293,40
4294967293,39
4294967293,38
4294967293,37
4294967293,36
4294967293,35
4294967293,34
4294967293,33
4294967293,32
4294967293,31
4294967293,30
4294967293,29
4294967293,28
4294967293,27
4294967293,26
4294967293,25
4294967293,24
4294967293,23
4294967293,22
4294967293,21
4294967293,20
4294967293,19
4294967293,18
4294967293,17
4294967293,16
4294967293,15
4294967293,14
4294967293,13
4294967293,12
4294967293,11
4294967293,10
4294967293,9
4294967293,8
4294967293,7
4294967293,6
4294967293,5
4294967293,4
4294967293,3
4294967278,132
4294967278,379
4294967278,131
4294967278,130
4294967278,129
4294967278,128
4294967278,127
4294967278,378
4294967278,126
4294967278,125
4294967278,245
4294967278,124
4294967278,123
4294967278,377
4294967278,121
4294967278,113
4294967278,112
4294967278,111
4294967278,110
4294967278,105
4294967278,104
4294967278,103
4294967278,100
4294967278,217
4294967278,99
4294967278,98
4294967278,96
4294967278,94
4294967278,91
4294967278,90
4294967278,375
4294967278,89
4294967278,87
4294967278,86
4294967278,85
4294967278,84
4294967278,83
4294967278,82
4294967278,81
4294967278,80
4294967278,79
4294967278,76
4294967278,75
4294967278,73
4294967278,69
4294967278,68
4294967278,67
4294967278,66
4294967278,65
4294967278,64
4294967278,63
4294967278,62
4294967278,61
4294967278,60
4294967278,59
4294967278,58
4294967278,57
4294967278,56
4294967278,55
4294967278,54
4294967278,53
4294967278,52
4294967278,51
4294967278,41
4294967278,36
4294967278,381
4294967278,29
4294967278,27
4294967278,373
4294967278,26
4294967278,22
4294967278,21
4294967278,19
4294967278,18
4294967278,17
4294967278,16
4294967278,14
4294967278,380
4294967278,13
4294967278,12
4294967278,371
4294967278,11
4294967278,9
4294967278,284
4294967278,8
4294967278,7
4294967278,2
4294967278,5
4294967278,88
4294967278,4
4294967279,132
4294967279,124
4294967279,114
4294967279,113
4294967279,111
4294967279,110
4294967279,106
4294967279,104
4294967279,103
4294967279,101
4294967279,100
4294967279,97
4294967279,96
4294967279,94
4294967279,564
4294967279,563
4294967279,573
4294967279,29
4294967279,27
4294967279,562
4294967279,26
4294967279,572
4294967279,24
4294967279,23
4294967279,22
4294967279,571
4294967279,16
4294967279,14
4294967279,11
4294967279,8
4294967279,6
4294967294,2497
4294967294,1933
4294967294,1924
4294967294,1932
4294967278,153
4294967278,372
4294967279,278
4294967279,570
4294967279,561
4294967279,284
4294967279,569
4294967279,251
4294967279,568
4294967279,560
4294967279,567
4294967279,245
4294967278,369
4294967279,566
4294967278,376
4294967279,242
4294967278,368
4294967278,366
4294967279,559
4294967279,565
4294967278,364
4294967279,226
4294967278,225
4294967279,220
4294967278,219
4294967294,1977
4294967294,1976
4294967294,1905
4294967294,378
4294967294,1581
4294967294,1620
4294967294,1582
4294967294,1934
4294967294,2504
4294967294,2500
4294967294,1928
4294967294,161
4294967294,990
4294967294,418
4294967294,1578
4294967294,2502
1,0
4294967294,872
4294967294,870
4294967294,869
4294967294,868
4294967294,867
4294967294,865
4294967294,774
4294967294,864
4294967294,863
4294967294,862
4294967294,861
4294967294,860
4294967294,859
4294967294,858
4294967294,857
4294967294,856
4294967294,855
4294967294,854
4294967294,853
4294967294,852
4294967294,851
4294967294,850
4294967294,849
4294967294,848
4294967294,847
4294967294,846
4294967294,845
4294967294,844
4294967294,843
4294967294,842
4294967294,841
4294967294,840
4294967294,839
4294967294,838
4294967294,837
4294967294,836
4294967294,835
4294967294,834
4294967294,833
4294967294,832
4294967294,767
4294967294,766
4294967294,765
4294967294,763
4294967294,762
4294967294,761
4294967294,760
4294967294,759
4294967294,758
4294967294,757
4294967294,756
4294967294,755
4294967294,754
4294967294,753
4294967294,752
4294967294,751
4294967294,750
4294967294,749
4294967294,748
4294967294,747
4294967294,746
4294967294,745
4294967294,744
4294967294,743
4294967294,742
4294967294,866
4294967294,741
4294967294,740
4294967294,739
4294967294,738
4294967294,737
4294967294,736
4294967294,735
4294967294,734
4294967294,733
4294967294,732
4294967294,731
4294967294,730
4294967294,729
4294967294,728
4294967294,727
4294967294,726
4294967294,724
4294967294,723
4294967294,121
4294967294,722
4294967294,721
4294967294,720
4294967294,719
4294967294,718
4294967294,717
4294967294,716
4294967294,715
4294967294,714
4294967294,713
4294967294,712
4294967294,711
4294967294,710
4294967294,709
4294967294,708
4294967294,707
4294967294,706
4294967294,705
4294967294,704
4294967294,703
4294967294,702
4294967294,701
4294967294,700
4294967294,699
4294967294,698
4294967294,2503
4294967294,1013
4294967294,2501
4294967294,697
4294967294,696
4294967294,695
4294967294,694
4294967294,693
4294967294,692
4294967294,691
4294967294,690
4294967294,689
4294967294,688
4294967294,687
4294967294,685
4294967294,684
4294967294,682
4294967294,681
4294967294,680
4294967294,679
4294967294,678
4294967294,677
4294967294,676
4294967294,675
4294967294,674
4294967294,673
4294967294,672
4294967294,671
4294967294,670
4294967294,669
4294967294,668
4294967294,667
4294967294,666
4294967294,665
4294967294,664
4294967294,663
4294967294,2505
4294967294,1935
4294967294,973
4294967294,662
4294967294,661
4294967294,660
4294967294,659
4294967294,658
4294967294,657
4294967294,656
4294967294,772
4294967294,655
4294967294,132
4294967294,654
4294967294,510
4294967294,653
4294967294,652
4294967294,651
4294967294,650
4294967294,649
4294967294,648
4294967294,647
4294967294,646
4294967294,645
4294967294,644
4294967294,643
4294967294,508
4294967294,642
4294967294,641
4294967294,640
4294967294,639
4294967294,638
4294967294,637
4294967294,636
4294967294,635
4294967294,634
4294967294,633
4294967294,632
4294967294,631
4294967294,630
4294967294,629
4294967294,628
4294967294,627
4294967294,626
4294967294,625
4294967294,624
4294967294,623
4294967294,622
4294967294,621
4294967294,620
4294967294,619
4294967294,618
4294967294,1911
4294967294,1913
4294967294,1588
4294967294,1447
4294967294,989
4294967294,52
4294967294,1922
4294967294,617
4294967294,1923
4294967294,616
4294967294,1920
4294967294,615
4294967294,613
4294967294,612
4294967294,503
4294967294,611
4294967294,1903
4294967294,610
4294967294,1921
4294967294,609
4294967294,608
4294967294,607
4294967294,606
4294967294,605
4294967294,604
4294967294,603
4294967294,602
4294967294,601
4294967294,600
4294967294,599
4294967294,598
4294967294,2496
4294967294,597
4294967294,1902
4294967294,1593
4294967294,326
4294967294,596
4294967294,595
4294967294,594
4294967294,593
4294967294,592
4294967294,591
4294967294,590
4294967294,589
4294967294,588
4294967294,587
4294967294,586
4294967294,584
4294967294,583
4294967294,582
4294967294,581
4294967294,498
4294967294,580
4294967294,579
4294967294,578
4294967294,501
4294967294,577
4294967294,576
4294967294,575
4294967294,370
4294967294,574
4294967294,573
4294967294,571
4294967294,570
4294967294,569
4294967294,568
4294967294,500
4294967294,567
4294967294,566
4294967294,565
4294967294,1983
4294967294,1909
4294967294,564
4294967294,563
4294967294,562
4294967294,561
4294967294,560
4294967294,559
4294967294,558
4294967294,557
4294967294,556
4294967294,555
4294967294,554
4294967294,553
4294967294,552
4294967294,551
4294967294,550
4294967294,549
4294967294,548
4294967294,547
4294967294,546
4294967294,545
4294967294,544
4294967294,543
4294967294,542
4294967294,541
4294967294,540
4294967294,539
4294967294,538
4294967294,537
4294967294,536
4294967294,535
4294967294,534
4294967294,533
4294967294,532
4294967294,531
4294967294,530
4294967294,529
4294967294,528
4294967294,527
4294967294,526
4294967294,525
4294967294,524
4294967294,523
4294967294,522
4294967294,521
4294967294,520
4294967294,518
4294967294,517
4294967294,516
4294967294,515
4294967294,514
4294967294,513
4294967294,512
4294967294,489
4294967294,488
4294967294,487
4294967294,486
4294967294,485
4294967294,484
4294967294,483
4294967294,482
4294967294,479
4294967294,478
4294967294,477
4294967294,492
4294967294,476
4294967294,475
4294967294,474
4294967294,472
4294967294,471
4294967294,481
4294967294,470
4294967294,469
4294967294,468
4294967294,467
4294967294,509
4294967294,495
4294967294,466
4294967294,490
4294967294,465
4294967294,464
4294967294,463
4294967294,506
4294967294,462
4294967294,497
4294967294,499
4294967294,461
4294967294,771
4294967294,460
4294967294,459
4294967294,458
4294967294,769
4294967294,457
4294967294,504
4294967294,496
4294967294,456
4294967294,505
4294967294,686
4294967294,493
4294967294,683
4294967294,502
4294967294,775
4294967279,218
4294967278,253
4294967279,241
4294967278,367
4294967279,224
4294967279,258
4294967278,370
4294967279,237
4294967278,365
4294967278,227
4294967278,215
4294967294,1900
4294967294,1894
4294967294,1888
4294967294,1876
4294967294,1878
4294967294,1871
4294967294,1865
4294967294,1419
4294967294,381
4294967294,1599
4294967294,359
4294967294,118
4294967294,117
4294967294,116
4294967294,1893
4294967294,795
4294967294,48
4294967294,1862
4294967294,1892
4294967294,447
4294967294,1857
4294967294,446
4294967294,445
4294967294,1890
4294967294,975
4294967294,443
4294967294,442
4294967294,1891
4294967294,441
4294967294,440
4294967294,439
4294967294,1885
4294967294,1617
4294967294,438
4294967294,437
4294967294,1558
4294967294,1556
4294967294,1553
4294967294,1552
4294967294,1550
4294967294,1549
4294967294,1551
4294967294,1917
4294967294,1548
4294967294,1557
4294967294,1547
4294967294,1433
4294967294,1441
4294967294,1440
4294967294,1439
4294967294,1438
4294967294,1437
4294967294,1436
4294967294,98
4294967294,1875
4294967294,1872
4294967294,1881
4294967294,1867
4294967294,1856
4294967294,434
4294967294,1597
4294967294,1863
4294967294,430
4294967294,829
4294967294,433
4294967294,1936
4294967294,830
4294967294,432
4294967294,1858
4294967294,431
4294967294,1864
4294967294,388
4294967294,1897
4294967294,1899
4294967294,827
4294967294,384
4294967294,344
4294967294,1883
4294967294,385
4294967294,1880
4294967294,1877
4294967294,386
4294967294,1868
4294967294,1869
4294967294,1873
4294967294,1870
4294967294,336
4294967294,1432
4294967294,322
4294967294,1860
4294967294,1859
4294967294,1598
4294967294,329
4294967294,327
4294967294,191
4294967294,362
4294967294,363
4294967294,389
4294967294,346
4294967294,391
4294967294,828
4294967294,174
4294967294,176
4294967294,173
4294967294,1884
4294967294,1874
4294967294,162
4294967294,178
4294967294,179
4294967294,1866
4294967294,153
4294967294,1592
4294967294,1429
